33 15 530631 72 39 40 24 25 25 26 4226188894 4294967295 0 3590688197 1 4294967295 0 4294967295 255 255 255 0 255 255 255 1 "000001" "000000" {"type":"Buffer","data":[0,64,0]} 0 {"type":"Buffer","data":[0,0,1,0,0,0,1,0,255,255,255,255,4,255,255,255,255]}
34 15 530703 72 39 40 24 25 25 26 4226188894 4294967295 0 3590688197 1 4294967295 0 4294967295 255 255 255 -1 255 255 255 0 "000000" "000000" {"type":"Buffer","data":[0,64,0]} 0 {"type":"Buffer","data":[0,0,1,0,0,0,1,0,255,255,255,255,4,255,255,255,255]}
33 16 533246 96 39 40 24 25 25 26 3852995116 1387624230 0 3590688197 1 4294967295 0 4294967295 255 255 255 3 0 255 255 1 "000010" "000000" {"type":"Buffer","data":[64,64,0]} 1 {"type":"Buffer","data":[1,0,0,0,5,179,149,47,10,0,0,0,0,0,0,5,0,0,0,0,0,0,0,0,0,0,1,0,0,0,1,0,255,255,255,255,4,255,255,255,255]}
34 16 533342 96 39 40 24 25 25 26 3852995116 1387624230 0 3590688197 0 4294967295 0 4294967295 255 0 0 1 255 255 5 2 "011000" "000000" {"type":"Buffer","data":[40,64,0]} 1 {"type":"Buffer","data":[1,0,0,0,5,179,149,47,10,0,0,0,0,0,0,5,0,0,0,0,0,0,0,0,0,0,1,0,0,0,1,0,0,0,1,0,4,255,255,255,255]}
35 16 533438 72 39 40 24 25 25 26 4226188894 4294967295 0 3590688197 1 1096685260 1 4294967295 255 255 255 -1 255 255 255 0 "000000" "000000" {"type":"Buffer","data":[0,64,0]} 0 {"type":"Buffer","data":[0,0,1,0,0,0,1,0,255,255,255,255,4,255,255,255,255]}
33 17 535977 72 1 2 0 1 65535 65535 1248885265 4294967295 0 4294967295 0 4294967295 0 4294967295 255 255 255 0 255 255 255 0 "000000" "000000" {"type":"Buffer","data":[0,64,0]} 0 {"type":"Buffer","data":[0,0,1,0,0,0,1,0,255,255,255,255,4,255,255,255,255]}
34 17 536049 72 39 40 24 25 25 26 3852995116 4294967295 0 3590688197 1 4294967295 0 4294967295 255 255 255 0 255 255 255 0 "000000" "000000" {"type":"Buffer","data":[0,64,0]} 0 {"type":"Buffer","data":[0,0,1,0,0,0,1,0,255,255,255,255,4,255,255,255,255]}




19 11 519398 72 37 38 17 18 65535 65535 1602466867 4294967295 0 358141418 0 4294967295 0 4294967295 255 255 255 4 255 255 255 0 "000000" "000000" {"type":"Buffer","data":[0,96,0]} 0 {"type":"Buffer","data":[0,0,1,0,0,0,1,0,255,255,255,255,3,255,255,255,255]}
20 11 519470 72 27 28 17 18 16 17 3872285854 4294967295 0 3590688197 1 4294967295 0 4294967295 255 255 255 1 255 255 255 0 "000000" "000000" {"type":"Buffer","data":[0,64,0]} 0 {"type":"Buffer","data":[0,0,1,0,0,0,1,0,255,255,255,255,3,255,255,255,255]}
19 12 522061 72 27 28 17 18 20 21 1855786096 4294967295 0 358141418 1 568393708 1 4294967295 255 255 255 1 255 255 255 0 "000000" "000000" {"type":"Buffer","data":[0,64,0]} 0 {"type":"Buffer","data":[0,0,1,0,0,0,1,0,255,255,255,255,3,255,255,255,255]}
20 12 522133 96 27 28 17 18 16 17 3872285854 4294967295 0 3590688197 1 4294967295 0 4294967295 255 0 0 3 255 255 255 0 "000000" "100001" {"type":"Buffer","data":[8,64,0]} 1 {"type":"Buffer","data":[1,0,0,0,5,179,149,47,10,0,0,0,0,0,0,5,0,0,0,0,0,0,0,0,0,0,1,0,0,0,1,0,0,0,1,0,3,255,255,255,255]}
21 12 522229 72 27 28 17 18 16 17 4226188894 4294967295 0 3590688197 1 3823567475 1 4294967295 255 255 255 2 255 255 255 0 "000000" "000000" {"type":"Buffer","data":[0,64,0]} 0 {"type":"Buffer","data":[0,0,1,0,0,0,1,0,255,255,255,255,3,255,255,255,255]}
19 13 524669 72 1 2 0 1 65535 65535 1248885265 4294967295 0 4294967295 0 4294967295 0 4294967295 255 255 255 0 255 255 255 0 "000000" "000100" {"type":"Buffer","data":[0,68,0]} 0 {"type":"Buffer","data":[0,0,1,0,0,0,1,0,255,255,255,255,3,255,255,255,255]}
20 13 524741 72 1 2 0 1 65535 65535 1248885265 4294967295 0 4294967295 0 4294967295 0 4294967295 255 255 255 0 255 255 255 0 "000000" "001010" {"type":"Buffer","data":[0,67,0]} 0 {"type":"Buffer","data":[0,0,1,0,0,0,1,0,255,255,255,255,3,255,255,255,255]}



37 3 497522 96 12 13 3 4 2 3 1223859883 170002756 0 3590688197 0 1096685260 1 4294967295 255 255 255 1 0 1 255 2 "000110" "000000" {"type":"Buffer","data":[192,64,0]} 1 {"type":"Buffer","data":[1,0,0,0,5,179,149,47,10,0,0,0,0,0,0,5,0,0,0,0,0,0,0,0,0,0,1,0,0,0,1,0,255,255,255,255,1,255,255,255,255]}
39 3 497673 72 12 13 3 4 2 3 3949113590 4294967295 0 3590688197 0 1791970261 1 4294967295 255 255 255 2 255 255 255 0 "000000" "000000" {"type":"Buffer","data":[0,64,0]} 0 {"type":"Buffer","data":[0,0,1,0,0,0,1,0,255,255,255,255,1,255,255,255,255]}
38 4 500290 72 12 13 3 4 2 3 1223859883 4294967295 0 3590688197 1 4294967295 0 4294967295 255 255 255 2 0 1 255 2 "000110" "000000" {"type":"Buffer","data":[192,64,0]} 0 {"type":"Buffer","data":[0,0,1,0,0,0,1,0,255,255,255,255,1,255,255,255,255]}
39 4 500362 96 12 13 3 4 2 3 3949113590 170002756 0 3590688197 1 4294967295 0 4294967295 255 255 255 1 255 255 255 3 "110001" "000000" {"type":"Buffer","data":[0,64,0]} 1 {"type":"Buffer","data":[1,0,0,0,5,179,149,47,10,0,0,0,0,0,0,5,0,0,0,0,0,0,0,0,0,0,1,0,0,0,1,0,255,255,255,255,1,255,255,255,255]}
36 5 502845 96 12 13 3 4 2 3 2213004848 592796099 0 3590688197 0 4294967295 0 4294967295 255 255 255 0 255 255 255 0 "000000" "000000" {"type":"Buffer","data":[0,64,0]} 1 {"type":"Buffer","data":[1,0,0,0,5,179,149,47,10,0,0,0,0,0,0,5,0,0,0,0,0,0,0,0,0,0,1,0,0,0,1,0,255,255,255,255,1,255,255,255,255]}
37 5 502941 96 12 13 3 4 2 3 2213004848 592796099 0 3590688197 1 4294967295 0 4294967295 255 255 255 0 255 255 255 0 "000000" "000000" {"type":"Buffer","data":[0,64,0]} 1 {"type":"Buffer","data":[1,0,0,0,5,179,149,47,10,0,0,0,0,0,0,5,0,0,0,0,0,0,0,0,0,0,1,0,0,0,1,0,255,255,255,255,1,255,255,255,255]}
38 5 503037 96 12 13 3 4 2 3 2213004848 4294967295 0 3590688197 1 4294967295 0 4294967295 255 0 0 1 255 1 255 1 "000100" "000000" {"type":"Buffer","data":[136,64,0]} 1 {"type":"Buffer","data":[1,0,0,0,5,179,149,47,10,0,0,0,0,0,0,5,0,0,0,0,0,0,0,0,0,0,1,0,0,0,1,0,0,0,1,0,1,255,255,255,255]}
39 5 503133 72 12 13 3 4 2 3 3949113590 4294967295 0 3590688197 0 4294967295 0 4294967295 255 255 255 2 255 1 2 2 "001100" "000000" {"type":"Buffer","data":[160,64,0]} 0 {"type":"Buffer","data":[0,0,1,0,0,0,1,0,255,255,255,255,1,255,255,255,255]}
40 5 503205 72 12 13 3 4 2 3 4226188894 4294967295 0 3590688197 0 4294967295 0 4294967295 255 255 255 3 255 1 2 2 "001100" "000000" {"type":"Buffer","data":[160,64,0]} 0 {"type":"Buffer","data":[0,0,1,0,0,0,1,0,255,255,255,255,1,255,255,255,255]}
37 6 505688 96 12 13 3 4 2 3 3872285854 170002756 0 3590688197 0 4294967295 0 4294967295 255 255 255 -1 255 255 255 1 "100000" "000000" {"type":"Buffer","data":[0,64,0]} 1 {"type":"Buffer","data":[1,0,0,0,5,179,149,47,10,0,0,0,0,0,0,5,0,0,0,0,0,0,0,0,0,0,1,0,0,0,1,0,255,255,255,255,1,255,255,255,255]}
38 6 505784 72 12 13 3 4 2 3 3872285854 4294967295 0 3590688197 0 4294967295 0 4294967295 255 255 255 -2 255 255 255 0 "000000" "000000" {"type":"Buffer","data":[0,64,0]} 0 {"type":"Buffer","data":[0,0,1,0,0,0,1,0,255,255,255,255,1,255,255,255,255]}
39 6 505856 72 12 13 3 4 2 3 4226188894 4294967295 0 3590688197 1 4294967295 0 4294967295 255 255 255 0 255 255 255 0 "000000" "000000" {"type":"Buffer","data":[0,64,0]} 0 {"type":"Buffer","data":[0,0,1,0,0,0,1,0,255,255,255,255,1,255,255,255,255]}
40 6 505928 72 12 13 3 4 2 3 4226188894 4294967295 0 3590688197 0 2471732552 1 4294967295 255 255 255 3 255 255 255 0 "000000" "000000" {"type":"Buffer","data":[0,64,0]} 0 {"type":"Buffer","data":[0,0,1,0,0,0,1,0,255,255,255,255,1,255,255,255,255]}
37 7 508675 96 12 13 3 4 2 3 3872285854 3910227001 0 3590688197 1 4294967295 0 4294967295 255 255 255 1 255 255 255 3 "110001" "000000" {"type":"Buffer","data":[0,64,0]} 1 {"type":"Buffer","data":[1,0,0,0,5,179,149,47,10,0,0,0,0,0,0,5,0,0,0,0,0,0,0,0,0,0,1,0,0,0,1,0,255,255,255,255,1,255,255,255,255]}
38 7 508771 96 12 13 3 4 2 3 3852995116 1387624230 0 3590688197 0 1807168256 1 4294967295 255 255 255 0 255 255 255 1 "100000" "000000" {"type":"Buffer","data":[0,64,0]} 1 {"type":"Buffer","data":[1,0,0,0,5,179,149,47,10,0,0,0,0,0,0,5,0,0,0,0,0,0,0,0,0,0,1,0,0,0,1,0,255,255,255,255,1,255,255,255,255]}


Pietari:
38 5 503037 96 12 13 3 4 2 3 2213004848 4294967295 0 3590688197 1 4294967295 0 4294967295 255 0 0 1 255 1 255 1 "000100" "000000" {"type":"Buffer","data":[136,64,0]} 1 {"type":"Buffer","data":[1,0,0,0,5,179,149,47,10,0,0,0,0,0,0,5,0,0,0,0,0,0,0,0,0,0,1,0,0,0,1,0,0,0,1,0,1,255,255,255,255]}
Zanzibar:
20 12 522133 96 27 28 17 18 16 17 3872285854 4294967295 0 3590688197 1 4294967295 0 4294967295 255 0 0 3 255 255 255 0 "000000" "100001" {"type":"Buffer","data":[8,64,0]} 1 {"type":"Buffer","data":[1,0,0,0,5,179,149,47,10,0,0,0,0,0,0,5,0,0,0,0,0,0,0,0,0,0,1,0,0,0,1,0,0,0,1,0,3,255,255,255,255]}
Valletta:
34 16 533342 96 39 40 24 25 25 26 3852995116 1387624230 0 3590688197 0 4294967295 0 4294967295 255 0 0 1 255 255 5 2 "011000" "000000" {"type":"Buffer","data":[40,64,0]} 1 {"type":"Buffer","data":[1,0,0,0,5,179,149,47,10,0,0,0,0,0,0,5,0,0,0,0,0,0,0,0,0,0,1,0,0,0,1,0,0,0,1,0,4,255,255,255,255]}
Delhi:
24 18 538083 72 27 28 17 18 30 31 4226188894 4294967295 0 3590688197 0 4294967295 0 4294967295 255 3 5 3 255 255 255 0 "000000" "000000" {"type":"Buffer","data":[4,64,0]} 0 {"type":"Buffer","data":[0,0,1,0,0,0,1,0,0,0,1,0,0,255,255,255,255]}


22 17 535273 72 45 46 29 30 33 34 1855786096 4294967295 0 3590688197 0 568393708 1 4294967295 255 255 255 6 255 255 255 0 "000000" "000000" {"type":"Buffer","data":[0,64,0]} 0 {"type":"Buffer","data":[0,0,1,0,0,0,1,0,255,255,255,255,0,255,255,255,255]}
23 17 535345 72 1 2 0 1 65535 65535 1248885265 4294967295 0 4294967295 0 4294967295 0 4294967295 255 255 255 0 255 255 255 0 "000000" "000000" {"type":"Buffer","data":[0,64,0]} 0 {"type":"Buffer","data":[0,0,1,0,0,0,1,0,255,255,255,255,0,255,255,255,255]}
24 17 535417 72 27 28 17 18 30 31 2213004848 4294967295 0 3590688197 1 415205265 1 4294967295 255 255 255 4 255 255 255 0 "000000" "000000" {"type":"Buffer","data":[0,64,0]} 0 {"type":"Buffer","data":[0,0,1,0,0,0,1,0,255,255,255,255,0,255,255,255,255]}
22 18 537939 72 1 2 0 1 65535 65535 1248885265 4294967295 0 4294967295 0 4294967295 0 4294967295 255 255 255 0 255 255 255 0 "000000" "000000" {"type":"Buffer","data":[0,64,0]} 0 {"type":"Buffer","data":[0,0,1,0,0,0,1,0,255,255,255,255,0,255,255,255,255]}
23 18 538011 72 1 2 0 1 65535 65535 1248885265 4294967295 0 4294967295 0 4294967295 0 4294967295 255 255 255 0 255 255 255 0 "000000" "000001" {"type":"Buffer","data":[0,64,0]} 0 {"type":"Buffer","data":[0,0,1,0,0,0,1,0,255,255,255,255,0,255,255,255,255]}
24 18 538083 72 27 28 17 18 30 31 4226188894 4294967295 0 3590688197 0 4294967295 0 4294967295 255 0 0 3 255 255 255 0 "000000" "000000" {"type":"Buffer","data":[0,64,0]} 0 {"type":"Buffer","data":[0,0,1,0,0,0,1,0,0,0,1,0,0,255,255,255,255]}
25 18 538155 96 27 28 17 18 30 31 2213004848 170002756 0 3590688197 0 4294967295 0 4294967295 255 255 255 2 255 255 255 0 "000000" "000000" {"type":"Buffer","data":[8,64,0]} 1 {"type":"Buffer","data":[1,0,0,0,5,179,149,47,10,0,0,0,0,0,0,5,0,0,0,0,0,0,0,0,0,0,1,0,0,0,1,0,255,255,255,255,0,255,255,255,255]}
23 19 540595 72 27 28 17 18 30 31 3108058291 4294967295 0 3590688197 0 4294967295 0 4294967295 255 255 255 3 255 255 255 0 "000000" "011000" {"type":"Buffer","data":[0,65,0]} 0 {"type":"Buffer","data":[0,0,1,0,0,0,1,0,255,255,255,255,0,255,255,255,255]}
24 19 540667 72 27 28 17 18 30 31 2213004848 4294967295 0 3590688197 0 1096685260 1 4294967295 255 255 255 2 255 255 255 0 "000000" "000000" {"type":"Buffer","data":[0,64,0]} 0 {"type":"Buffer","data":[0,0,1,0,0,0,1,0,255,255,255,255,0,255,255,255,255]}
24 19 540667 72 27 28 17 18 30 31 2213004848 4294967295 0 3590688197 0 1096685260 1 4294967295 255 1 1 2 255 255 255 0 "000000" "000000" {"type":"Buffer","data":[4,64,0]} 0 {"type":"Buffer","data":[0,0,1,0,0,0,1,0,255,255,255,255,0,255,255,255,255]}
